269
271
271
272
276
277
278
278
281
286
290
290
292
294
296
301
302
304
306
309
310
311
312
313
313
315
315
317
318
320
320
321
321
322
322
324
327
327
328
329
331
331
332
332
332
332
334
334
334
335
335
336
336
336
336
336
337
337
338
338
339
339
339
340
341
341
341
341
342
343
343
344
344
344
344
345
346
346
349
349
351
353
355
356
357
358
359
361
361
362
362
363
363
363
364
366
366
370
372
374
375
375
375
377
378
379
379
379
381
381
384
384
384
385
386
388
389
389
392
393
394
395
399
405
406
409
410
412
424
425
426
427
431
434
434
435
450
454
476
479
499
519
523
